01 Jane_Smith__________0000200020.00
00                    0000000000.00     
01 Jane_Smith__________0000200020.00
00                    0000000000.00     
04 John_Doe____________0000100050.00
00                    0000000000.00     
00                    0000000000.00     
00                    0000000000.00     
00                    0000000000.00     
00                    0000000000.00     
00                    0000000000.00     
00                    0000000000.00     
00                    0000000000.00     
00                    0000000000.00     
00                    0000000000.00     
00                    0000000000.00     
00                    0000000000.00     
00                    0000000000.00     
00                    0000000000.00     
00                    0000000000.00     
00                    0000000000.00     
00                    0000000000.00     
00                    0000000000.00     
00                    0000000000.00     
00                    0000000000.00     
00                    0000000000.00     
00                    0000000000.00     
00                    0000000000.00     
00                    0000000000.00     
00                    0000000000.00     
00                    0000000000.00     
00                    0000000000.00     
00                    0000000000.00     
00                    0000000000.00     
00                    0000000000.00     
00                    0000000000.00     
00                    0000000000.00     
00                    0000000000.00     
00                    0000000000.00     
00                    0000000000.00     
00                    0000000000.00     
00                    0000000000.00     
00                    0000000000.00     
00                    0000000000.00     
00                    0000000000.00     
00                    0000000000.00     
00                    0000000000.00     
00                    0000000000.00     
00                    0000000000.00     
01 John_Doe____________ 00001 00100.00  
00                      00000 00000.00  
